1 2 12 15 16 17 18 21 22 23 24 26 27 28 29 30 31 35 38 39 41 43 44 53 56 63 65 66 72 75 80 84 94 102 108 109 124 126 135 139 140 
1 2 3 4 5 6 7 8 9 10 11 12 13 14 15 16 17 18 19 20 21 22 23 24 25 26 27 28 29 30 31 
2 5 7 8 9 10 12 13 14 15 16 17 18 20 22 23 24 25 27 28 29 32 33 34 35 36 37 38 39 
7 10 12 13 14 15 16 17 18 20 25 28 29 30 33 40 41 42 43 44 45 46 47 48 49 50 51 52 
1 5 8 10 12 14 15 16 17 18 19 20 21 22 24 25 26 27 28 29 30 31 41 43 46 48 49 51 52 53 54 55 56 57 58 59 60 61 
5 8 10 12 14 15 16 17 18 21 22 24 25 26 27 28 29 31 33 36 38 39 41 43 46 56 62 63 64 65 66 67 68 
7 8 10 12 17 18 21 23 24 26 27 28 29 30 33 34 35 36 38 41 43 47 59 63 66 69 70 71 72 73 74 75 76 77 78 79 
1 12 14 15 16 17 18 21 22 23 24 25 27 28 29 30 31 35 38 41 43 44 53 56 57 58 59 60 63 66 80 81 82 83 84 
10 12 14 15 16 17 18 21 22 24 25 26 27 28 29 30 31 33 39 41 43 44 46 49 59 60 62 63 66 82 
1 8 10 12 14 15 16 17 18 21 22 23 24 25 27 29 30 31 38 41 43 53 56 59 61 63 66 68 85 86 87 88 89 
1 8 12 13 14 15 16 17 18 22 24 25 28 30 38 41 42 43 46 49 60 63 64 66 80 82 84 90 91 92 93 94 95 
1 5 8 12 16 17 18 21 22 24 25 28 31 38 39 41 43 46 53 56 59 60 61 63 64 66 68 77 80 81 83 86 94 96 97 98 99 100 
1 8 12 16 17 18 19 21 22 24 25 29 30 31 38 39 41 42 43 46 53 56 59 63 64 66 68 77 80 83 84 89 98 
12 14 15 16 17 18 21 24 25 27 29 30 31 38 39 41 43 44 45 46 47 53 59 60 63 64 66 68 70 80 100 101 102 103 104 105 
5 8 10 12 16 17 18 21 22 23 24 26 27 28 29 30 31 33 35 39 41 43 45 62 66 68 71 72 73 74 106 107 108 109 110 111 112 113 
1 9 10 12 14 15 16 17 18 19 20 21 22 23 24 25 26 27 28 29 30 31 35 41 44 49 53 56 59 60 61 63 67 114 
2 7 8 10 12 14 15 16 17 18 21 23 24 25 26 27 29 30 31 35 39 41 43 45 47 49 59 63 66 68 103 104 115 116 117 118 119 120 121 122 
1 8 9 12 14 16 17 18 19 21 22 23 24 26 27 28 29 30 31 35 38 41 53 56 59 63 66 72 73 80 94 98 100 123 124 125 126 
8 10 12 16 17 18 21 22 23 24 25 27 28 29 31 33 35 38 39 41 43 51 59 62 63 66 70 77 82 94 98 127 128 129 
1 8 12 14 15 16 17 18 19 21 23 24 25 26 27 28 29 31 35 39 41 43 47 48 53 56 59 60 61 63 66 80 94 130 131 
1 5 8 12 14 15 16 17 18 19 21 22 24 25 26 27 28 29 31 38 41 43 46 53 55 56 58 59 61 64 66 80 84 94 95 96 102 
1 5 8 12 14 15 16 17 18 21 23 24 25 26 27 28 29 30 31 38 41 43 47 48 53 56 59 60 61 66 68 80 86 100 102 
1 5 8 10 12 14 15 16 17 18 21 22 24 25 27 28 29 30 31 35 38 39 43 46 49 53 56 59 66 82 102 105 117 
5 8 12 14 15 16 17 18 21 22 23 24 25 26 27 29 30 31 33 35 41 43 53 56 59 61 63 66 68 80 82 84 88 128 132 
5 7 10 12 15 16 17 18 21 22 23 26 27 28 29 31 33 35 38 39 41 43 44 59 66 69 70 71 74 82 99 108 117 125 133 134 135 136 
1 8 12 14 15 16 17 18 21 22 24 25 26 27 29 30 31 38 41 42 43 46 53 56 59 60 63 64 66 68 80 82 83 84 102 137 
1 5 9 10 12 14 15 16 17 18 20 21 22 23 25 26 27 28 29 30 31 35 39 41 44 49 59 60 62 86 107 136 
7 8 10 12 14 16 17 18 21 23 24 25 26 27 28 29 30 31 33 35 38 39 41 43 47 53 56 59 63 66 68 82 98 105 128 138
1 2 8 12 14 15 16 17 18 19 21 22 24 25 27 28 29 30 31 38 39 41 43 46 49 53 56 59 60 63 64 66 80 84 91 94 
